VAR_1 <- input;
VAR_0 <- 13981 == 29468;
VAR_0 <- 7527 / (- 8865);
VAR_0 <- VAR_0 / (- VAR_0);
output <- VAR_0 + 31416;